image: circle.png
resolution: 0.08534
origin: [-156.68159080844768,-121.23484964729177, 0.000000]
negate: 0
occupied_thresh: 0.45
free_thresh: 0.196
start_point: [-75, -82, -3.1415]

# map paths
map_path: './configs/circle'
map_ext: '.png'

# starting pose for map
sx: -75
sy: -82
stheta: -3.1415
