image: Catalunya.png
resolution: 0.06016
origin: [-91.90749878749725,-75.75284314488522, 0.000000]
negate: 0
occupied_thresh: 0.45
free_thresh: 0.196
map_ext: '.png'
sx: 0.5549085
sy: -0.6243834
stheta: 4.1367500
